[DevOption]
com=COM3
baudrate=115200
bytesize=8
parity=0
stopbits=0
NetAddr=192.168.1.106
NetPort=2000
A_caliBoard=-0.014663098379969597
B_caliBoard=-0.059652179479599
C_caliBoard=0.9981115460395813
D_caliBoard=1859.6856689453125
templateImagePath=
templateName=111
savePath=
featureNumber=30
padding=35
ROIX=-132
ROIY=-229
ROIW=170
ROIH=168
cameraIntriData0=24819.219045087513
cameraIntriData1=0
cameraIntriData2=1327.3137304384436
cameraIntriData3=0
cameraIntriData4=25199.98729599512
cameraIntriData5=857.7791129386411
cameraIntriData6=0
cameraIntriData7=0
cameraIntriData8=1
RTData0=-0.9998830425457625
RTData1=0.0043468106759820685
RTData2=-0.014663098798550383
RTData3=25.89726727507238
RTData4=-0.00346476325070181
RTData5=-0.9982132100737017
RTData6=-0.05965218059696212
RTData7=28.93433295224084
RTData8=-0.0148961956567933
RTData9=-0.05959439966392116
RTData10=0.9981115222677532
RTData11=1865.3140033671646
RTData12=0
RTData13=0
RTData14=0
RTData15=1
centerLineSize=0
rangeAreaSize=8
transform=3
chessW=11
chessH=9
chessV=5
scoreNumber=69
rangeArea0=@Variant(\0\0\0\x1a\xc0\x83\0p\xccr\x8f\xa4\xc0{Cj0w\xd9\x39)
rangeArea1=@Variant(\0\0\0\x1a@\x82\x96\xb1!\v\xe5\x90\xc0{ *L\xaa\xf5\xdd)
rangeArea2=@Variant(\0\0\0\x1a@\x82\x96\xb1!\v\xe5\x90\xc0{ *L\xaa\xf5\xdd)
rangeArea3=@Variant(\0\0\0\x1a@\x83#\xb0\xb0?s\0@z\x93*\xbdwhm)
rangeArea4=@Variant(\0\0\0\x1a@\x83#\xb0\xb0?s\0@z\x93*\xbdwhm)
rangeArea5=@Variant(\0\0\0\x1a\xc0\x82\xee\xd0\xda\x8c\x1d\xf6@{f\xaa\x14\x44\xbc\x95)
rangeArea6=@Variant(\0\0\0\x1a\xc0\x82\xee\xd0\xda\x8c\x1d\xf6@{f\xaa\x14\x44\xbc\x95)
rangeArea7=@Variant(\0\0\0\x1a\xc0\x82\xdd\x30\xe8\xa5\xacH\xc0{\x89\xe9\xf8\x11\x9f\xf1)
sleepTime=0
distance=30
errorRangeMax=5
