[DevOption]
com=COM3
baudrate=115200
bytesize=8
parity=0
stopbits=0
NetAddr=192.168.1.106
NetPort=2000
A_caliBoard=0.029907988384366035
B_caliBoard=-0.1815158873796463
C_caliBoard=0.9829331040382385
D_caliBoard=1553.1763916015625
templateImagePath=
templateName=111
savePath=
featureNumber=30
padding=25
ROIX=-64
ROIY=229
ROIW=175
ROIH=197
cameraIntriData0=25295.611041346263
cameraIntriData1=0
cameraIntriData2=926.0853413453985
cameraIntriData3=0
cameraIntriData4=24939.99710593326
cameraIntriData5=423.40984244400215
cameraIntriData6=0
cameraIntriData7=0
cameraIntriData8=1
RTData0=-0.005178904318242842
RTData1=0.9995392394426962
RTData2=0.029907988303777777
RTData3=-35.89822298796323
RTData4=-0.9833879547717109
RTData5=0.0003360577619441387
RTData6=-0.18151588766576932
RTData7=25.770852020667167
RTData8=-0.18144230311582255
RTData9=-0.030351208863850218
RTData10=0.98293310797863
RTData11=1585.9958838480593
RTData12=0
RTData13=0
RTData14=0
RTData15=1
centerLineSize=0
rangeAreaSize=0
transform=0
chessW=9
chessH=11
chessV=5
