%YAML:1.0
---
class_id: gongjian
pyramid_levels: 2
template_pyramids:
   -
      template_id: 0
      templates:
         -
            width: 47
            height: 24
            tl_x: 32
            tl_y: 30
            pyramid_level: 0
            features:
               - [ 44, 14, 7 ]
               - [ 0, 19, 3 ]
               - [ 33, 12, 3 ]
               - [ 21, 10, 7 ]
               - [ 11, 24, 3 ]
               - [ 3, 9, 4 ]
               - [ 38, 0, 4 ]
               - [ 29, 21, 4 ]
               - [ 47, 4, 0 ]
         -
            width: 23
            height: 12
            tl_x: 16
            tl_y: 15
            pyramid_level: 1
            features:
               - [ 15, 6, 4 ]
               - [ 2, 9, 3 ]
               - [ 22, 7, 7 ]
               - [ 18, 0, 4 ]
   -
      template_id: 1
      templates:
         -
            width: 42
            height: 28
            tl_x: 34
            tl_y: 28
            pyramid_level: 0
            features:
               - [ 42, 14, 7 ]
               - [ 0, 22, 3 ]
               - [ 32, 13, 3 ]
               - [ 19, 12, 7 ]
               - [ 8, 28, 3 ]
               - [ 18, 28, 0 ]
               - [ 35, 1, 4 ]
               - [ 28, 22, 3 ]
               - [ 0, 13, 3 ]
         -
            width: 21
            height: 14
            tl_x: 17
            tl_y: 14
            pyramid_level: 1
            features:
               - [ 14, 7, 3 ]
               - [ 2, 10, 3 ]
               - [ 16, 1, 4 ]
               - [ 17, 6, 3 ]
   -
      template_id: 2
      templates:
         -
            width: 44
            height: 29
            tl_x: 32
            tl_y: 28
            pyramid_level: 0
            features:
               - [ 44, 12, 7 ]
               - [ 2, 25, 3 ]
               - [ 34, 12, 3 ]
               - [ 21, 13, 7 ]
               - [ 12, 29, 3 ]
               - [ 30, 22, 3 ]
               - [ 36, 0, 3 ]
               - [ 21, 28, 7 ]
               - [ 1, 16, 3 ]
         -
            width: 22
            height: 14
            tl_x: 16
            tl_y: 14
            pyramid_level: 1
            features:
               - [ 17, 6, 3 ]
               - [ 4, 11, 3 ]
               - [ 17, 0, 4 ]
               - [ 14, 7, 3 ]
   -
      template_id: 3
      templates:
         -
            width: 43
            height: 28
            tl_x: 34
            tl_y: 28
            pyramid_level: 0
            features:
               - [ 42, 12, 7 ]
               - [ 1, 25, 3 ]
               - [ 23, 16, 3 ]
               - [ 19, 28, 7 ]
               - [ 33, 0, 3 ]
               - [ 21, 5, 3 ]
               - [ 13, 16, 7 ]
               - [ 43, 2, 7 ]
         -
            width: 21
            height: 14
            tl_x: 17
            tl_y: 14
            pyramid_level: 1
            features:
               - [ 15, 6, 3 ]
               - [ 2, 12, 3 ]
               - [ 21, 6, 7 ]
               - [ 16, 0, 4 ]
   -
      template_id: 4
      templates:
         -
            width: 35
            height: 44
            tl_x: 38
            tl_y: 20
            pyramid_level: 0
            features:
               - [ 35, 11, 5 ]
               - [ 6, 44, 1 ]
               - [ 20, 24, 2 ]
               - [ 11, 29, 5 ]
               - [ 17, 41, 1 ]
               - [ 20, 5, 2 ]
               - [ 12, 16, 1 ]
               - [ 26, 15, 1 ]
               - [ 0, 37, 2 ]
               - [ 29, 1, 6 ]
         -
            width: 17
            height: 22
            tl_x: 19
            tl_y: 10
            pyramid_level: 1
            features:
               - [ 4, 20, 1 ]
               - [ 11, 10, 2 ]
               - [ 9, 3, 2 ]
               - [ 13, 7, 2 ]
   -
      template_id: 5
      templates:
         -
            width: 26
            height: 42
            tl_x: 48
            tl_y: 26
            pyramid_level: 0
            features:
               - [ 18, 0, 4 ]
               - [ 26, 23, 0 ]
               - [ 6, 42, 0 ]
               - [ 11, 16, 0 ]
               - [ 3, 0, 1 ]
               - [ 20, 36, 0 ]
               - [ 5, 26, 4 ]
               - [ 0, 14, 0 ]
         -
            width: 13
            height: 21
            tl_x: 24
            tl_y: 13
            pyramid_level: 1
            features:
               - [ 6, 4, 0 ]
               - [ 3, 19, 0 ]
               - [ 1, 1, 1 ]
               - [ 5, 7, 1 ]
   -
      template_id: 6
      templates:
         -
            width: 20
            height: 40
            tl_x: 48
            tl_y: 26
            pyramid_level: 0
            features:
               - [ 18, 0, 4 ]
               - [ 7, 40, 0 ]
               - [ 11, 15, 0 ]
               - [ 5, 26, 4 ]
               - [ 19, 27, 5 ]
               - [ 2, 1, 1 ]
               - [ 20, 39, 7 ]
               - [ 0, 14, 0 ]
         -
            width: 10
            height: 20
            tl_x: 24
            tl_y: 13
            pyramid_level: 1
            features:
               - [ 3, 19, 0 ]
               - [ 6, 4, 0 ]
               - [ 1, 1, 1 ]
               - [ 5, 7, 1 ]
   -
      template_id: 7
      templates:
         -
            width: 24
            height: 43
            tl_x: 48
            tl_y: 24
            pyramid_level: 0
            features:
               - [ 17, 1, 4 ]
               - [ 7, 43, 0 ]
               - [ 11, 17, 0 ]
               - [ 6, 28, 4 ]
               - [ 19, 29, 5 ]
               - [ 2, 3, 1 ]
               - [ 0, 16, 0 ]
               - [ 20, 40, 7 ]
         -
            width: 12
            height: 21
            tl_x: 24
            tl_y: 12
            pyramid_level: 1
            features:
               - [ 12, 4, 0 ]
               - [ 6, 5, 0 ]
               - [ 4, 19, 0 ]
               - [ 1, 2, 1 ]
   -
      template_id: 8
      templates:
         -
            width: 24
            height: 50
            tl_x: 48
            tl_y: 18
            pyramid_level: 0
            features:
               - [ 17, 7, 4 ]
               - [ 7, 50, 0 ]
               - [ 11, 22, 0 ]
               - [ 6, 34, 4 ]
               - [ 16, 43, 0 ]
               - [ 2, 9, 1 ]
               - [ 0, 22, 0 ]
               - [ 8, 1, 4 ]
         -
            width: 12
            height: 25
            tl_x: 24
            tl_y: 9
            pyramid_level: 1
            features:
               - [ 12, 7, 0 ]
               - [ 4, 22, 0 ]
               - [ 5, 11, 0 ]
               - [ 1, 5, 1 ]
   -
      template_id: 9
      templates:
         -
            width: 22
            height: 42
            tl_x: 46
            tl_y: 24
            pyramid_level: 0
            features:
               - [ 14, 0, 4 ]
               - [ 16, 42, 0 ]
               - [ 13, 19, 0 ]
               - [ 10, 29, 4 ]
               - [ 22, 33, 7 ]
               - [ 0, 6, 0 ]
               - [ 11, 9, 0 ]
               - [ 7, 41, 0 ]
         -
            width: 11
            height: 21
            tl_x: 23
            tl_y: 12
            pyramid_level: 1
            features:
               - [ 6, 8, 0 ]
               - [ 8, 20, 0 ]
               - [ 0, 4, 0 ]
               - [ 5, 4, 0 ]
   -
      template_id: 10
      templates:
         -
            width: 24
            height: 44
            tl_x: 46
            tl_y: 24
            pyramid_level: 0
            features:
               - [ 13, 0, 3 ]
               - [ 17, 44, 7 ]
               - [ 13, 19, 0 ]
               - [ 24, 26, 4 ]
               - [ 0, 8, 0 ]
               - [ 2, 20, 7 ]
               - [ 11, 29, 3 ]
               - [ 7, 40, 0 ]
         -
            width: 12
            height: 22
            tl_x: 23
            tl_y: 12
            pyramid_level: 1
            features:
               - [ 8, 20, 0 ]
               - [ 5, 4, 0 ]
               - [ 0, 4, 0 ]
               - [ 6, 8, 0 ]
   -
      template_id: 11
      templates:
